ndocs: 10000
nusers: 10000
nvocab: 10000
k: 10
test_ratio: 0.200000000
validation_ratio: 0.010000000
seed: 0.000000000
reportfreq: 10
training ratings: 44688
statistics: read 10000 users, 10000 movies, 44688 ratings
