ndocs: 1000
nusers: 1000
nvocab: 10000
k: 10
test_ratio: 0.200000000
validation_ratio: 0.010000000
seed: 0.000000000
reportfreq: 10
training ratings: 1455
statistics: read 1000 users, 1000 movies, 1455 ratings
